--------------------
Cycle:1	64	ADD R1, R0, R0

Registers
R00:	0	0	0	0	0	0	0	0	0	0	0	0	0	0	0	0
R16:	0	0	0	0	0	0	0	0	0	0	0	0	0	0	0	0

Data
148:	-1	-2	-3	1	2	4	-4	10
180:	7	9	1	0	-1	1	-1	0
212:	0	0	2	4	-4	10	0	0

--------------------
Cycle:2	68	ADD R2, R0, #5

Registers
R00:	0	0	5	0	0	0	0	0	0	0	0	0	0	0	0	0
R16:	0	0	0	0	0	0	0	0	0	0	0	0	0	0	0	0

Data
148:	-1	-2	-3	1	2	4	-4	10
180:	7	9	1	0	-1	1	-1	0
212:	0	0	2	4	-4	10	0	0

--------------------
Cycle:3	72	BEQ R1, R2, #68

Registers
R00:	0	0	5	0	0	0	0	0	0	0	0	0	0	0	0	0
R16:	0	0	0	0	0	0	0	0	0	0	0	0	0	0	0	0

Data
148:	-1	-2	-3	1	2	4	-4	10
180:	7	9	1	0	-1	1	-1	0
212:	0	0	2	4	-4	10	0	0

--------------------
Cycle:4	76	SLL R16, R1, #2

Registers
R00:	0	0	5	0	0	0	0	0	0	0	0	0	0	0	0	0
R16:	0	0	0	0	0	0	0	0	0	0	0	0	0	0	0	0

Data
148:	-1	-2	-3	1	2	4	-4	10
180:	7	9	1	0	-1	1	-1	0
212:	0	0	2	4	-4	10	0	0

--------------------
Cycle:5	80	SLT R8, R1, #2

Registers
R00:	0	0	5	0	0	0	0	0	1	0	0	0	0	0	0	0
R16:	0	0	0	0	0	0	0	0	0	0	0	0	0	0	0	0

Data
148:	-1	-2	-3	1	2	4	-4	10
180:	7	9	1	0	-1	1	-1	0
212:	0	0	2	4	-4	10	0	0

--------------------
Cycle:6	84	SRL R7, R2, #1

Registers
R00:	0	0	5	0	0	0	0	2	1	0	0	0	0	0	0	0
R16:	0	0	0	0	0	0	0	0	0	0	0	0	0	0	0	0

Data
148:	-1	-2	-3	1	2	4	-4	10
180:	7	9	1	0	-1	1	-1	0
212:	0	0	2	4	-4	10	0	0

--------------------
Cycle:7	88	AND R8, R2, #4

Registers
R00:	0	0	5	0	0	0	0	2	4	0	0	0	0	0	0	0
R16:	0	0	0	0	0	0	0	0	0	0	0	0	0	0	0	0

Data
148:	-1	-2	-3	1	2	4	-4	10
180:	7	9	1	0	-1	1	-1	0
212:	0	0	2	4	-4	10	0	0

--------------------
Cycle:8	92	LW R3, 148(R16)

Registers
R00:	0	0	5	-1	0	0	0	2	4	0	0	0	0	0	0	0
R16:	0	0	0	0	0	0	0	0	0	0	0	0	0	0	0	0

Data
148:	-1	-2	-3	1	2	4	-4	10
180:	7	9	1	0	-1	1	-1	0
212:	0	0	2	4	-4	10	0	0

--------------------
Cycle:9	96	LW R4, 168(R16)

Registers
R00:	0	0	5	-1	4	0	0	2	4	0	0	0	0	0	0	0
R16:	0	0	0	0	0	0	0	0	0	0	0	0	0	0	0	0

Data
148:	-1	-2	-3	1	2	4	-4	10
180:	7	9	1	0	-1	1	-1	0
212:	0	0	2	4	-4	10	0	0

--------------------
Cycle:10	100	LW R5, 188(R16)

Registers
R00:	0	0	5	-1	4	1	0	2	4	0	0	0	0	0	0	0
R16:	0	0	0	0	0	0	0	0	0	0	0	0	0	0	0	0

Data
148:	-1	-2	-3	1	2	4	-4	10
180:	7	9	1	0	-1	1	-1	0
212:	0	0	2	4	-4	10	0	0

--------------------
Cycle:11	104	MUL R5, R3, #4

Registers
R00:	0	0	5	-1	4	-4	0	2	4	0	0	0	0	0	0	0
R16:	0	0	0	0	0	0	0	0	0	0	0	0	0	0	0	0

Data
148:	-1	-2	-3	1	2	4	-4	10
180:	7	9	1	0	-1	1	-1	0
212:	0	0	2	4	-4	10	0	0

--------------------
Cycle:12	108	BEQ R5, R0, #28

Registers
R00:	0	0	5	-1	4	-4	0	2	4	0	0	0	0	0	0	0
R16:	0	0	0	0	0	0	0	0	0	0	0	0	0	0	0	0

Data
148:	-1	-2	-3	1	2	4	-4	10
180:	7	9	1	0	-1	1	-1	0
212:	0	0	2	4	-4	10	0	0

--------------------
Cycle:13	112	BGTZ R5, #16

Registers
R00:	0	0	5	-1	4	-4	0	2	4	0	0	0	0	0	0	0
R16:	0	0	0	0	0	0	0	0	0	0	0	0	0	0	0	0

Data
148:	-1	-2	-3	1	2	4	-4	10
180:	7	9	1	0	-1	1	-1	0
212:	0	0	2	4	-4	10	0	0

--------------------
Cycle:14	116	ADD R6, R3, R4

Registers
R00:	0	0	5	-1	4	-4	3	2	4	0	0	0	0	0	0	0
R16:	0	0	0	0	0	0	0	0	0	0	0	0	0	0	0	0

Data
148:	-1	-2	-3	1	2	4	-4	10
180:	7	9	1	0	-1	1	-1	0
212:	0	0	2	4	-4	10	0	0

--------------------
Cycle:15	120	SUB R5, R6, R5

Registers
R00:	0	0	5	-1	4	7	3	2	4	0	0	0	0	0	0	0
R16:	0	0	0	0	0	0	0	0	0	0	0	0	0	0	0	0

Data
148:	-1	-2	-3	1	2	4	-4	10
180:	7	9	1	0	-1	1	-1	0
212:	0	0	2	4	-4	10	0	0

--------------------
Cycle:16	124	J #136

Registers
R00:	0	0	5	-1	4	7	3	2	4	0	0	0	0	0	0	0
R16:	0	0	0	0	0	0	0	0	0	0	0	0	0	0	0	0

Data
148:	-1	-2	-3	1	2	4	-4	10
180:	7	9	1	0	-1	1	-1	0
212:	0	0	2	4	-4	10	0	0

--------------------
Cycle:17	136	ADD R5, R5, #12

Registers
R00:	0	0	5	-1	4	19	3	2	4	0	0	0	0	0	0	0
R16:	0	0	0	0	0	0	0	0	0	0	0	0	0	0	0	0

Data
148:	-1	-2	-3	1	2	4	-4	10
180:	7	9	1	0	-1	1	-1	0
212:	0	0	2	4	-4	10	0	0

--------------------
Cycle:18	140	ADD R1, R1, #1

Registers
R00:	0	1	5	-1	4	19	3	2	4	0	0	0	0	0	0	0
R16:	0	0	0	0	0	0	0	0	0	0	0	0	0	0	0	0

Data
148:	-1	-2	-3	1	2	4	-4	10
180:	7	9	1	0	-1	1	-1	0
212:	0	0	2	4	-4	10	0	0

--------------------
Cycle:19	144	BREAK

Registers
R00:	0	1	5	-1	4	19	3	2	4	0	0	0	0	0	0	0
R16:	0	0	0	0	0	0	0	0	0	0	0	0	0	0	0	0

Data
148:	-1	-2	-3	1	2	4	-4	10
180:	7	9	1	0	-1	1	-1	0
212:	0	0	2	4	-4	10	0	0

